hw/01/nni.asc
NCOLS 251
NROWS 251
XLLCORNER 2
YLLCORNER 3
CELLSIZE 1
NODATA_VALUE -99999
[rows 209 to 227 of 251, columns 176 to 219 of 251]
129.99072640698725 129.9912619754204 129.99244630091488 129.99431912781537 129.99689283779938 129.99971214849504 130.0 130.0 130.0 130.0 130.0 129.99999999999997 129.99980529891704 129.9994053168259 129.99918871387675 129.99928527208655 129.9996375808796 129.99997737967806 130.0 130.0 129.9519163762939 129.74479620380566 129.42468718954282 129.08055697504105 128.73767765128068 128.4003197068805 128.06821141027953 127.74013497043865 127.41550073814452 127.09368456969692 126.77374233500308 126.45411637082586 126.13263546213477 125.80653958565163 125.47197503114747 125.13329482266371 124.79080747005789 124.44209095607934 124.08777336033813 123.72887633984321 123.36401489035178 122.99774835840134 122.63135344553046 122.25645563866043
129.984955335122 129.9860409645182 129.98745798975654 129.98975044266814 129.99310153959868 129.9976606101286 130.0 130.0 129.99999999999997 130.0 129.9999885894703 129.99894928725794 129.9974827424065 129.99638231578712 129.99592920973856 129.99619844367135 129.99712841866366 129.99848868628575 129.99974079070316 129.99980837670753 129.93795887091244 129.74011809477196 129.43748938343793 129.11193982167586 128.77940875932896 128.44746546754106 128.11751597572402 127.78976918760654 127.46397207043715 127.13949685885396 126.81541908219675 126.4904381029166 126.16264822829292 125.82952120899866 125.49332258148605 125.15464523226248 124.81281415614184 124.4663764550929 124.11510076806212 123.75992797713552 123.39841998106165 123.03363934259883 122.66887157301682 122.29571046571729
129.97089503638543 129.97925579098592 129.98124074446378 129.98433562808097 129.98835008608808 129.99252999533275 129.9985297102566 130.0 130.0 130.0 129.99822140117215 129.9950316189531 129.9923503927759 129.99064678248305 129.99005131659138 129.9905794771733 129.99217087485815 129.99464795897296 129.99756940488547 129.99938399738397 129.93350471100658 129.74131255302856 129.44461966228803 129.1260432086822 128.80537592211903 128.48098358968798 128.1548112391287 127.82840245810557 127.50213767629256 127.17571935451022 126.8483884901276 126.51891652896443 126.18624383869377 125.85165926410454 125.51524132422476 125.17661596762046 124.83509107345078 124.48982053001016 124.14127786674409 123.78957093075695 123.43169044995044 123.06865936160015 122.70598683863643 122.34084530956491
129.94877742571668 129.96925855725732 129.97389752591175 129.977665777373 129.98181611605244 129.98712825709705 129.9949179120059 129.9995384836035 130.00000000000003 129.9988252969113 129.99295513435598 129.98774348285022 129.98403101582173 129.98188919965685 129.98128328226275 129.98217733500314 129.98452800814738 129.98824025357055 129.99303781368744 129.998005143179 129.9387719581133 129.74936706055652 129.45157052167855 129.13667469364395 128.81967939023727 128.50100509001498 128.1796814470049 127.85599412020046 127.5303118424322 127.2027957311509 126.87348925503187 126.54240380146756 126.20946512069884 125.8745251244904 125.53764163818735 125.19895344505483 124.85759493542038 124.51292925174717 124.16624238535888 123.81755947630181 123.46284539510947 123.10006291794042 122.73509651854368 122.35795203222537
129.9223739224658 129.95624275978358 129.96496572262305 129.96968522970653 129.97557419133935 129.98360303829224 129.99237875499637 129.99828412466624 130.0 129.9924568135561 129.9835045309406 129.9768038968572 129.97215701570082 129.9695762701824 129.96912556856373 129.9705177077843 129.97371909734224 129.97877688260166 129.98571334062132 129.994004746571 129.9556328156029 129.76207314806263 129.4581893629435 129.1471376611048 128.83360994061746 128.51813426117343 128.19941614373528 127.87768375977555 127.55337904195753 127.2267510300795 126.89792346092325 126.56692906899032 126.23372530293 125.89820316561524 125.56066240598106 125.2209407621973 124.87906466506828 124.53511701461929 124.19067641265559 123.84489104900786 123.49227356084417 123.12199947339676 122.73586346433109 122.34982833224048
129.89647510703603 129.94409104811353 129.9554863856971 129.96249224293092 129.97120508617743 129.981962967447 129.99134842950184 129.99798059771612 129.9929089903254 129.97868297288593 129.9697268770762 129.96217247872778 129.9570863380594 129.95383876264341 129.9529583465712 129.95486372352588 129.9590544993456 129.96556229612085 129.97469343457607 129.98672163450368 129.98486328493624 129.76655535499842 129.46405419693247 129.15705799024457 128.8472973795687 128.535453288922 128.2200548644295 127.90071749869189 127.578057016361 127.25242967814498 126.92402960662395 126.59294042048917 126.25890750380148 125.92047472464407 125.5789098621563 125.23501678589137 124.88916665655907 124.54314108386939 124.19872500767423 123.85597675507543 123.49624258581571 123.10737349074067 122.71959894342 122.3426378331183
129.87912973302758 129.9370332099566 129.94692660836262 129.95735854072655 129.96985975658234 129.98174464117605 129.99191645662958 129.99600994791868 129.9737828895236 129.94791266665808 129.93927100538218 129.93511982384956 129.9331502216855 129.93260307302856 129.93260359913202 129.9343921722616 129.93954719367474 129.94733441584322 129.95825624533794 129.97286076893633 129.9774109664666 129.75626040004482 129.46700555321155 129.16557107033532 128.8600102222349 128.5521837014282 128.2413799574713 127.9253591413131 127.60484841167133 127.28038579783997 126.95228381851487 126.61944552790295 126.27977570981695 125.93575445820213 125.5887920245399 125.23939940221061 124.88845284802747 124.53814939123711 124.18822267466211 123.83451890442237 123.46427528201689 123.08591001432686 122.70489782754274 122.33269368831752
129.87257790814076 129.9274312143518 129.9301378051966 129.9418785521038 129.96496893880268 129.98294984635027 129.99415696444635 129.97624344384622 129.92404005202906 129.8964832279566 129.8898533344491 129.89195614496322 129.89603434005298 129.90079806723278 129.905203338734 129.90822628282297 129.91397499945248 129.92243181635823 129.92056384167176 129.8811223947056 129.7650126159669 129.58528029859372 129.3819522827772 129.13776266610958 128.86574922753832 128.56699650636287 128.26205846653957 127.95162981328647 127.63445947276176 127.31149280816979 126.9816621187724 126.64099421268202 126.29203541547605 125.93830917959188 125.58286610060108 125.22706234215288 124.87315086657584 124.52048307120113 124.16657273158498 123.80358341172884 123.43343065676763 123.05997236751573 122.68739286089405 122.31877075712899
129.54492221701142 129.73201263272253 129.78764968379883 129.82183456896888 129.8744628720521 129.94839959907117 129.99792308898242 129.90317425006162 129.84261779642483 129.8230830404328 129.82371907664162 129.83291401081615 129.8454893936303 129.85822056875193 129.8688515965272 129.87556285524883 129.88092603549154 129.86976335911754 129.8117499896852 129.70427742023455 129.53709738024244 129.35736506286935 129.17763274549617 128.99640803551657 128.79632547262892 128.56340455856056 128.27779449543337 127.9781134251065 127.66829658367875 127.34705997782912 127.00346275465031 126.64199277699944 126.27733152137765 125.91256916508517 125.54986764282539 125.19107254392037 124.83544718003212 124.481418351964 124.12574614395467 123.76694505085423 123.40316158001545 123.03353052008858 122.66544577123291 122.30100191384027
129.0278338193619 129.24227227672313 129.42693024178837 129.54876508324148 129.64103160888413 129.738893889367 129.8482827025305 129.7698287816706 129.7291572107207 129.72464694887685 129.73884479639725 129.75977510225016 129.78264650481404 129.80476820982472 129.8234231113482 129.83487214398696 129.8299202607173 129.7667984164195 129.65063996562637 129.48965086705832 129.31138383523984 129.13310370965524 128.95445543699987 128.77524341838085 128.59533937901926 128.41371850741348 128.2283021383061 127.9954195510015 127.7123906986798 127.36762568106147 126.98371777002093 126.60222490040393 126.22634104565455 125.8565514197845 125.49222304243254 125.13250244270253 124.77614274968046 124.42152214086023 124.06979712102326 123.71830003568112 123.36410312996638 123.00544327245602 122.64108755973321 122.27948562765049
128.50707778472812 128.73831329147617 128.95640111263594 129.14979055945645 129.2744942958525 129.38914669124082 129.53949251686225 129.58677261679074 129.5807922532445 129.5976652380016 129.62653475097244 129.6638314329943 129.70505540582843 129.74241019059937 129.77401562077623 129.7925670031607 129.7437751324507 129.6120832609037 129.43867743853698 129.2532972857522 129.07265678793328 128.8967344469525 128.72363923514365 128.54946728750284 128.3716139124399 128.1873082945465 127.9963794982735 127.79572088262711 127.57063476995356 127.25423222196399 126.89023324249652 126.51371673718434 126.14096737750964 125.77317596529743 125.41016507984172 125.05140639211457 124.69728309198003 124.34776387966278 124.00247077615055 123.65890419179183 123.31443394193076 122.96736692240042 122.61457257793563 122.25490363911639
127.98311848911075 128.22855116399202 128.46837765170514 128.70178849568015 128.89513453687692 129.02748389790236 129.21489018880052 129.3503818574619 129.3484828278608 129.35372576288233 129.38309781236939 129.43562143427297 129.50789849099166 129.5960949792523 129.69382787578107 129.74048085263007 129.53803260928964 129.32796951844938 129.13382854961642 128.9523481832833 128.78045688287247 128.61474032099764 128.45138508971522 128.28816473534386 128.12287338408416 127.95302535830095 127.77532728609363 127.58431831429326 127.36592497392897 127.08243540897654 126.74744520180272 126.39263501946766 126.02841413867482 125.66661255896582 125.30889524231388 124.95569139629883 124.60723346100508 124.2636052527267 123.92470851692337 123.58930826954132 123.25468993254192 122.91889376591112 122.57954398306838 122.22773522211007
127.4549631211173 127.71291705291993 127.96873174856972 128.22585623311483 128.47830567520685 128.64903072300223 128.8562882469633 128.91119650275792 128.9280655030072 128.9611549223576 129.012412304756 129.07890206811126 129.15781356440957 129.24528937328128 129.32968351777183 129.29553368218754 129.14190361847784 128.9577319980194 128.78222381690202 128.6170495893299 128.4596826044831 128.30668265457444 128.15605633751287 128.00594986541424 127.85446848193693 127.69948979436029 127.53830164761968 127.36613721817412 127.15920330151336 126.89727187060677 126.59244409019492 126.25454945215195 125.90470212378669 125.54988028223516 125.19820273113275 124.85074039115334 124.50793332333124 124.17005639297538 123.8372414853299 123.50935957892035 123.1844139323968 122.86025961865168 122.53424462352419 122.197740352841
126.92184157008636 127.1892508348216 127.45783435895083 127.73062602477319 128.0123544437715 128.22452945812105 128.30345559363653 128.36307091022198 128.4343025177909 128.50432922463727 128.57847922583775 128.65593908488853 128.73589768982296 128.81516542129538 128.85006936681776 128.79893396816044 128.6945494524664 128.56028291905668 128.4108715132653 128.26430661025614 128.12242874064086 127.98378683835578 127.84704674553163 127.71078497408531 127.57347147643301 127.43335652468356 127.28821175228515 127.13197176601834 126.94301486711123 126.70773936631572 126.42522876198585 126.10952089414002 125.77070435058974 125.42538145573099 125.07960269213083 124.7376909815574 124.40026631361424 124.06776360558425 123.74049722796796 123.41867097386954 123.10222122107373 122.78946802257403 122.47785886386457 122.15993720667016
126.38855472731017 126.6580110204341 126.9316989966941 127.20987129261123 127.49201219892066 127.68524286067962 127.75412696333758 127.84065544622487 127.93446122555646 128.0265930689339 128.1161941386439 128.20403671168734 128.29144518912906 128.3616095350373 128.3671821372656 128.32278975105874 128.24593899752097 128.14508803353783 128.02835714795893 127.90148960385856 127.77557083790234 127.65166299090038 127.52899564816875 127.40661702195928 127.28339617843321 127.15792373596308 127.02833040877907 126.88766403824184 126.71654933410692 126.50756697104627 126.25242969753438 125.95589790482579 125.63045657352802 125.29368298610798 124.95402468099485 124.61729002893843 124.28495735134328 123.95896729256395 123.63912702271348 123.32471546497784 123.0150773893779 122.70961610431684 122.4076489676319 122.10861488140826
125.87079648350336 126.13675810114364 126.40427222044377 126.6815518796586 126.96133929802323 127.14321324564195 127.2320566194387 127.34451450622753 127.45411523027627 127.55848485271687 127.65863238971427 127.75608436777677 127.84527117522644 127.89956996183192 127.89865363856414 127.86341178069398 127.805640206826 127.72901893565866 127.63772477942817 127.53354161817806 127.42317236450742 127.31366096679125 127.20473419219273 127.09585341291672 126.98626479732202 126.87494346627352 126.76042010184979 126.63600152061262 126.48307544272379 126.29749135874941 126.07051584149397 125.7959698367026 125.48568454085861 125.15570962220707 124.82208727423541 124.49134374049308 124.16792268743704 123.85099982873935 123.5397151137662 123.23340312549321 122.93151331391134 122.63354086648626 122.3388860164819 122.04669092319014
125.37198963519621 125.63562506332357 125.89596079319178 126.15683894442293 126.43105335995992 126.60585838477719 126.73488128388256 126.86594469721621 126.9876150427625 127.10158770239265 127.21014745205758 127.31486488085118 127.39847802682236 127.4425123031129 127.44325530563404 127.41789480359886 127.3748986129205 127.31730103149981 127.24584558490633 127.1614882073372 127.0670812215367 126.97143655429915 126.87577800703922 126.77991385335216 126.68341650115322 126.58559700236945 126.48544802444327 126.3780686657318 126.24436561523078 126.07992608549793 125.87894280103151 125.63179223959406 125.33536978979201 125.01269325464433 124.68584625193125 124.36471006621963 124.0505163839628 123.74173781214263 123.43791183069244 123.13894096049155 122.84464854263378 122.55471590142051 122.26864578611782 121.98703563166823
124.89265640085254 125.15502634100841 125.41031609573321 125.65650475478779 125.90204722409236 126.09457589366717 126.25639446767602 126.40097619610752 126.53177535041777 126.65324366085962 126.76853002836737 126.87502748429581 126.95414131539424 126.99378048553965 126.99968185553462 126.98473318354233 126.95412582683196 126.9106268166093 126.85526883026468 126.7873436371495 126.7083706571911 126.6259998467192 126.54307848005915 126.45970761943012 126.37574198126984 126.29088624442635 126.20445432431094 126.11385279817559 126.00080647703996 125.85762031190453 125.68033079698942 125.45950407188816 125.18070529974032 124.86573839153752 124.54828704863881 124.23607971533461 123.92891501254165 123.62674044346538 123.32957687393797 123.03745184643874 122.7503270487583 122.46811373898193 122.19081092702238 121.92745902174318
124.43461584023687 124.69615222841414 124.94773039151505 125.1866091912839 125.4069336803046 125.61625692187275 125.79528262713966 125.94802828308761 126.08506020169305 126.21205978994595 126.33256934223824 126.43776839004771 126.51371535537062 126.55379040479876 126.56705244718734 126.56171245839897 126.54194203486304 126.51015689734245 126.46728102244727 126.41286175892884 126.3477018158196 126.27798837966108 126.20727379697449 126.13593973374613 126.06413717631015 125.99173782140352 125.91822162923316 125.84244322538942 125.75192942822572 125.63172470267071 125.47712533695454 125.28077953709045 125.02303758473845 124.71693917029208 124.40786027298395 124.10198061322973 123.80098979894521 123.50497948857212 123.21407945597016 122.92839617442978 122.64800235369289 122.37299862136548 122.10750434547698 121.86334188171571
