hw/01/nni.asc
NCOLS 251
NROWS 251
XLLCORNER 2
YLLCORNER 3
CELLSIZE 1
NODATA_VALUE -99999
[rows 133 to 151 of 251, columns 176 to 219 of 251]
103.3678631304819 102.51864084518267 101.63007468519997 100.70811628456524 99.75495788043176 98.77221517833743 97.76082122011661 96.71956499999744 95.64815495016411 94.54650325391265 93.42073706803936 92.27442269093832 91.10857075052208 89.92408469658304 88.72394025347802 87.52726377041034 86.34954819743882 85.22079940024946 84.13814948389066 83.0416659687814 81.94088121918031 80.8385554879442 79.73510374009673 78.63510646231322 77.53748641584022 76.44140916681337 75.34680820427369 74.24825382722635 73.13762009727331 72.00399769904676 71.06309035450876 70.41441790804117 69.72331054320941 69.02397606476644 68.32707438924344 67.63773441283175 66.95971258379029 66.28274130551493 65.60535036786378 64.9340344127316 64.27048229303749 63.61118926928315 62.94897005508386 62.32007475618202
103.82773196109905 102.99216296389288 102.10921247534458 101.1907263957197 100.23816567341852 99.25222305173516 98.23325811692587 97.18130363327495 96.09630889633411 94.98316388429197 93.84463451231743 92.68151224929301 91.49424525577419 90.28290759254823 89.0477886117661 87.81205214319696 86.60185199992661 85.48206138806047 84.41837325265499 83.34039431524998 82.2543475606578 81.16386291429019 80.06926636310487 78.9805694684713 77.88953110017347 76.80026099347937 75.71691057555023 74.65062445366355 73.59694093327562 72.5596515616993 71.6399609224854 71.0051230596063 70.36921532543595 69.70586364135656 69.03277724083591 68.35909495119265 67.68570803996633 67.0054910701566 66.32113869876233 65.64236551258551 64.9718200008908 64.31032606709118 63.68263952106684 63.132431717200724
104.27597898376226 103.48575022601963 102.61302543025519 101.69886738446226 100.74584918908647 99.7553080886988 98.72782718112569 97.66542558039878 96.57142267544702 95.44709607272209 94.29327195852643 93.1102719632345 91.89781918966834 90.65490337509722 89.3796549116722 88.08455800804279 86.83140300722019 85.73756773764218 84.68622604166322 83.6275090653143 82.5604805890669 81.48572038026417 80.40239122190916 79.33279926483914 78.26492978933192 77.20711598348316 76.18634565516334 75.20155782427888 74.25648892598312 73.32998839828718 72.47719969237976 71.74453782853789 71.08124739614345 70.427495392582 69.76338265141686 69.09174666710945 68.41392311294858 67.73051242860585 67.04214162509173 66.3548512885359 65.67522197815816 65.02665282941044 64.49467588630485 64.00061191477049
104.74198007761093 103.9657851292975 103.1318919802251 102.2287594386017 101.27884457755637 100.28690804212323 99.25595140783177 98.18792373391967 97.08437153359655 95.94632562401516 94.77421292281703 93.56813770876896 92.32812951818451 91.05073739991533 89.72827863844354 88.35275991273403 87.04380480178227 86.01444268382646 84.9909264755068 83.9523196947346 82.89753800914119 81.82527957975428 80.73505879768946 79.71372193182486 78.69518025564693 77.70858635820622 76.77890823121804 75.88157647429503 75.0017416764296 74.14118164589107 73.32843851433091 72.54820212278204 71.83491091264177 71.17423702627052 70.50380707917087 69.82582726624213 69.14258252875698 68.4652661580715 67.79128423530658 67.112976502402 66.43611760456747 65.89906027426127 65.41808319213267 64.93550607049394
105.21801584009528 104.44081902950411 103.64780639414465 102.78309227915574 101.85729268492558 100.8764530962237 99.8397859335555 98.76313306702954 97.64719753861112 96.49238633330825 95.29818647096621 94.06848109733335 92.80381913752132 91.49995535986375 90.14830227326784 88.74502312994359 87.49851220840992 86.45611854029762 85.43550090843884 84.4088833954818 83.37159980944335 82.33235648341956 81.29109813259024 80.24628130258888 79.23356848917058 78.33198382750356 77.47895051424366 76.63342885632109 75.79664972820383 74.98032707683275 74.1801606269327 73.38106004345943 72.60560879379639 71.92327798272288 71.25763454120538 70.63910748968806 70.01999470009649 69.39339521937593 68.76281442588824 68.14086452083706 67.54032165684787 66.99722054454621 66.47692050918056 65.96512628797399
105.70750921142648 104.9297666712618 104.14064042604592 103.32862951125674 102.44905638156634 101.51004217257834 100.50014488977361 99.40972087066393 98.27770487029689 97.0973998834838 95.87436893004781 94.61841500440909 93.33117289674169 92.01182076987735 90.67038095322599 89.35924938196769 88.1415404091989 87.04412095927127 86.02651182667962 85.0120465078753 83.9949389945033 82.9709218025708 81.93431831518568 80.87636049579194 79.85229613035733 79.05844368231782 78.2480117888666 77.43472183421426 76.62832632789403 75.82701305760196 75.02712242882282 74.22862827287807 73.43979371374087 72.79960978373414 72.22160120757628 71.63427075188233 71.03696147787446 70.43485680466317 69.83331810091198 69.23675374903173 68.65574686974628 68.10217704403101 67.564538202635 67.03358533870868
106.21028350228463 105.43189546100763 104.64281670823306 103.83673481638652 103.00951724107935 102.14106843130149 101.20889412896436 100.15654084094014 98.99812720812209 97.77115887656726 96.50887016222431 95.22357352118334 93.91977740002028 92.6081389962763 91.289299528452 89.98971231025308 88.77302238809494 87.65884154856808 86.64392209986087 85.64805325970218 84.64824525243878 83.64592722938922 82.64396661514469 81.6421699812392 80.69656344223003 79.88334383831904 79.0778382982195 78.27418405652978 77.47169158855944 76.67039877428782 75.87937107205869 75.13934303556364 74.46838618301489 73.85663820201832 73.27268780815801 72.68755092364319 72.10155225792664 71.51473295359017 70.9287691647484 70.34507934375134 69.76851621180539 69.20791139468113 68.65963542562284 68.11676220648535
106.72515931843165 105.94425486868788 105.15242031420603 104.34550219494805 103.52167625911545 102.68054010271113 101.83129800277642 100.97943010767241 99.80284479485782 98.4900555633296 97.17801706350485 95.8609935000501 94.54375979462225 93.22672886884311 91.90830628356503 90.60981858348197 89.39209118055355 88.27831802733911 87.2700875241035 86.29804037116834 85.32497276717814 84.35754928532934 83.39472274339326 82.44233271138093 81.54296596004846 80.72591488262157 79.91839214095913 79.11480387851347 78.3125461601757 77.5336285846437 76.81456365429808 76.14875233498239 75.52116977751041 74.92334345619261 74.34586232696532 73.76751247333297 73.18842136473249 72.6091320107406 72.03063805800188 71.45247041479139 70.87943541746229 70.31527897074737 69.75948161224612 69.2081830380839
107.2469513933664 106.46197445993424 105.66579583956357 104.8555909404696 104.03063376027191 103.19002726694413 102.33862282860659 101.4554640014535 100.38491132709375 99.09280105620893 97.77740122227544 96.46278314960675 95.14944082138717 93.83709932575029 92.52453942031345 91.22080691122146 89.99557142910032 88.88945149483871 87.90345744631917 86.96145315587665 86.02268225560445 85.08972468356548 84.16313949029401 83.25081046202394 82.38399492327454 81.56755887824605 80.75806425329404 79.95351568885242 79.17301882481514 78.46261331525066 77.80526295618367 77.18092865220329 76.57798419238145 75.99393136947279 75.42354691489362 74.85175646705164 74.27861180832197 73.70578137355568 73.13290272127894 72.5595013440779 71.98894942680043 71.42384649870684 70.8633675578697 70.30603193031578
107.77469387709834 106.98476952838003 106.18269712881384 105.36774978365806 104.53932923238636 103.69635599736178 102.83081449928767 101.9013547159165 100.86059786102497 99.66368618524857 98.36389668117458 97.05453712711851 95.74680885703093 94.43911049960235 93.13138576286663 91.8258273599741 90.5796914107855 89.48504629637307 88.54446280929274 87.6400361984166 86.73709000804622 85.83789596001002 84.94502165985533 84.06749481844838 83.22706670932305 82.40820292286135 81.59636010375483 80.79723559152912 80.08323486396682 79.43260724201852 78.81888869887597 78.22207316816167 77.63880977348018 77.06859694518754 76.50485395037214 75.93839116540275 75.37153392995461 74.80430687466843 74.23628984210218 73.6671447660107 73.09861674233582 72.53370501522484 71.97078068947776 71.40923900000764
108.30843338741637 107.5115634378834 106.70275804048995 105.88199201224613 105.04862202647655 104.20108945423992 103.31128491108394 102.36324895569753 101.33319703163825 100.1903429564622 98.9484586914698 97.65286728903502 96.35847370855898 95.06161839847114 93.75725554408551 92.44058697059984 91.14467922518521 90.05984139353332 89.1963202597269 88.33718432093883 87.47159321005566 86.60559315996362 85.7447029049168 84.89969174112417 84.07094650246817 83.24765635626648 82.43351974798485 81.67847148170782 81.02902433854763 80.426267176579 79.84383852476867 79.27003222339525 78.70492128039032 78.14755159769416 77.58884646834017 77.02831243753961 76.46710646148871 75.90484063868782 75.34121580499388 74.77598503796045 74.20958067517041 73.64504443328582 73.08152261967514 72.51751672860159
108.84683257245236 108.04176106998122 107.22547084803125 106.3979257904103 105.55843737563025 104.70149428756376 103.79730199711551 102.84150124962048 101.81682957557844 100.71209168562228 99.52641373834003 98.26048166346106 96.98466241975308 95.70696046487862 94.42106779393343 93.11708303406519 91.77827194332788 90.6547404525093 89.8757112229098 89.06599576436767 88.23946313510376 87.40540080472408 86.57471372212494 85.74752193231268 84.91583450995181 84.0864039184831 83.26919321590682 82.59480998673907 82.00046799937533 81.43542600908323 80.87871616187584 80.32578648031469 79.77784806269615 79.22914706816695 78.67582385840377 78.12118733731661 77.56515832235661 77.00748283403468 76.4479584304006 75.88641031281186 75.32268749977321 74.75867055324251 74.19500110670839 73.63027450515433
109.38877712991466 108.57472679439174 107.75007055904662 106.91476509725075 106.06807217233674 105.20233046069943 104.29216176661218 103.33490502675197 102.3187130809488 101.2421269978859 100.09850012248995 98.87204786845172 97.61928366959285 96.36758866280064 95.11187435363287 93.84643140524949 92.5824865283405 91.52365823851933 90.69983232186998 89.8840166971607 89.07247362579241 88.25474669776122 87.42640364740504 86.59586420590367 85.76332528603186 84.92953085344479 84.12784432479882 83.55364448809033 82.99768781905267 82.46016038652971 81.925280242487 81.39137254756815 80.85571240954607 80.3126841088741 79.76567490366298 79.2167007008925 78.66562893329885 78.11234572119548 77.55674404083346 76.99871753412118 76.4381568363345 75.87523858554805 75.31163734337588 74.7465755714024
109.93330643127858 109.10857409850402 108.27398166041456 107.42971715985203 106.57534283980445 105.70467514818297 104.79585379439368 103.84219322401654 102.83851727006262 101.78545809952445 100.67359054806971 99.48428064508508 98.25906408123808 97.04054310741877 95.82711231797359 94.62126129095701 93.44832337392066 92.4513071935924 91.61648455746102 90.7935697841302 89.96935024205601 89.13768892081714 88.32234854682835 87.52199514545178 86.73257976428516 85.95864806525059 85.2160843955727 84.58599587101891 84.02806279709716 83.50387510279 82.98346419576384 82.46115268195017 81.93425862703707 81.3982649462974 80.85801235569335 80.3147257582209 79.76856423835865 79.21958785079376 78.66780112190621 78.11317364930629 77.55565049261635 76.9951576725275 76.43195220709507 75.8667310146811
110.47706394622436 109.64102355779112 108.79591262009261 107.94126177491782 107.07746030826486 106.20536567197603 105.30431137125903 104.36159476000637 103.37407091489165 102.34252138864579 101.25662422797784 100.09658262562074 98.90267649273584 97.7232101380049 96.55875183860486 95.41566443322736 94.32199940844491 93.37540919020144 92.53326598486906 91.70555182265592 90.8746102631295 90.0712127137908 89.2884635466498 88.52227225090687 87.77136456711463 87.03641166544597 86.32124822835468 85.66752890484175 85.0778252262195 84.54590472006616 84.03745093355897 83.52827237007446 83.01273853292362 82.48564706040727 81.95268242824118 81.41531604991353 80.8741381683408 80.32945002777149 79.78140181366665 79.23005693076166 78.67540390594058 78.11742978100455 77.55612964261691 76.99106290965267
111.02273503519278 110.17499320249807 109.31880495051465 108.4535997202166 107.58075399480893 106.70670908592577 105.81368942129735 104.88663144525418 103.9227370550178 102.91235350812147 101.84804080425043 100.70870299800592 99.55037110890487 98.41514026050902 97.3054515819542 96.23035078299404 95.21664046118453 94.29317842030004 93.44402659801943 92.60101318160329 91.79509605326577 91.01655062632977 90.25901404462157 89.51902506490399 88.79498158543055 88.08659574766253 87.39495178981534 86.73602454350753 86.13307223682261 85.58755529077575 85.0816841201676 84.5899727952253 84.09025238550758 83.57452991819504 83.04978481950926 82.51874879032675 81.98270119154385 81.44228853097167 80.89745702189225 80.348700147878 79.79642791795054 79.24074899017657 78.68159571707594 78.11820510648982
111.5584502749179 110.69934979006712 109.83341064981315 108.9618603818037 108.08735808921632 107.20931546699268 106.32497313736273 105.41432633889121 104.47559338143697 103.49367393168231 102.44664915037488 101.32265167462374 100.20802005069365 99.12667073007457 98.07826505668714 97.07350625623633 96.13042626625547 95.20346737947318 94.31944341399767 93.49788365076999 92.71370852514818 91.95646388536562 91.22036190100269 90.50210150521279 89.79985887003615 89.11283545011493 88.4411479473787 87.78861590152957 87.1757907829464 86.62281119403514 86.11862739322555 85.64178263834334 85.16538870778308 84.66487069985861 84.14978673862818 83.6256336974461 83.0945895670557 82.55697169275471 82.01456911061287 81.46824828504538 80.91831128672955 80.36480849868092 79.80748111624645 79.24548627523323
112.07367107769379 111.20763486259355 110.3401765104924 109.46961908022381 108.5946121099537 107.71454348268222 106.83026857991233 105.93970948887359 105.02591172645873 104.08444568506258 103.0482904494626 101.94674173356934 100.88069718936723 99.85403458983333 98.86608266486294 97.92269067243414 96.99693645342848 96.07065375682608 95.19691689172569 94.38748292649267 93.62380212993183 92.88625717914759 92.16954514915867 91.47049044490387 90.787183736689 90.11856702336425 89.46426406666724 88.82461771835588 88.20570279135038 87.64301901691822 87.14195286240114 86.68004207882413 86.23540554533395 85.75708159130302 85.25380743250886 84.7366978144915 84.20828756721016 83.6731029242697 83.13315795053661 82.58916328351808 82.04134809951738 81.48972399836309 80.93350256149355 80.37308602376572
112.57083259315813 111.71080994532605 110.84756083111468 109.97954723416419 109.10548146331143 108.22442932083904 107.33624927080768 106.4429213977716 105.55742292670236 104.6726279722606 103.63537882785447 102.5725770129539 101.56697503669326 100.60276383911906 99.67026629407121 98.7497535068176 97.83162874694217 96.9257521915751 96.07367757994814 95.27404420788409 94.52353871279463 93.80475999220347 93.1061710476804 92.42474753283739 91.75858772283568 91.10652285644991 90.46786135336967 89.84254087346132 89.23118534458155 88.64736902243565 88.1388874203016 87.6960596015133 87.29363248022743 86.85264364166311 86.36428340300083 85.8508201690511 85.32464157802765 84.79176956454751 84.25396661192524 83.71185102709812 83.1656201373864 82.6148432645381 82.0589405182255 81.50129781539141
