hw/01/nni.asc
NCOLS 251
NROWS 251
XLLCORNER 2
YLLCORNER 3
CELLSIZE 1
NODATA_VALUE -99999
[rows 133 to 151 of 251, columns 0 to 43 of 251]
106.88830242006549 108.50578694507877 108.97833246784029 109.44678599983239 109.91171147278796 110.34170401381685 110.64540805071027 110.78717472725349 110.97437901407322 111.16737139744542 111.36364205411057 111.56301368458847 111.76325902418148 111.96405350029178 112.16577343630748 112.36971569331153 112.57568035202411 112.78447140922138 112.99744958510628 113.21662007159853 113.44537815057734 113.68792933068744 113.94882801457877 114.22735036142781 114.49437724829215 114.73704303143356 114.99162565434305 115.25718174573642 115.5316474315924 115.81422106209367 116.10494178924635 116.40500374062468 116.71500158230434 117.10231201331844 117.53650492451442 117.99087299536025 118.4610668059663 118.94356580108438 119.43068853326328 119.9237032406835 120.42393685228431 120.93168620673713 121.45081418963366 121.97421354801729
106.56319244559988 108.30267351968853 108.76233726279172 109.2122566576919 109.6482539274072 110.05648140913549 110.3222927180606 110.50360944999036 110.70036063945079 110.8996490963732 111.10174907671015 111.3065951111294 111.51293454531493 111.71947284584544 111.9265858507019 112.13660048601592 112.34905058523263 112.56106793413083 112.77607650833386 112.99824182599104 113.23195406156698 113.4817146066157 113.75131407974287 114.04677629029705 114.33778669414498 114.5412052357837 114.76755791203801 115.01818222642228 115.28758932414202 115.57570102935009 115.87894043606033 116.1886511124812 116.50905528732834 116.9370870932753 117.38738710644802 117.85200344305278 118.32464917506178 118.8062737344488 119.29562054618088 119.79259268503485 120.29955973560492 120.81880651802629 121.35199429013443 121.900186007525
106.23835517632023 108.10104235021775 108.54918489057367 108.98284626518112 109.39330947311106 109.77510385259829 110.00587915801829 110.21481588550238 110.4202614431146 110.6256892024655 110.83263817232556 111.04194575941277 111.25359263340687 111.46586246627201 111.67850535744377 111.89292035153501 112.1106490897305 112.33088172220135 112.54931495090754 112.7730123193975 113.01147059084559 113.27024370737739 113.55304089471122 113.84991550430675 114.1226428553882 114.36808778169615 114.58751394555003 114.77530510742608 115.05393878644357 115.3816481080509 115.71123517479117 116.04373235214186 116.38023802548221 116.78561690124076 117.23573836123366 117.70102665967161 118.1719139712762 118.65083464290561 119.13939471538656 119.63876220515442 120.14941109893799 120.67541781130741 121.22160549600402 121.79382351247726
105.91380751557844 107.9006807870269 108.3382516536244 108.75715452667575 109.14410371312258 109.49211427868029 109.71025351336857 109.92608410792187 110.13373061956048 110.34276205133467 110.55352341231402 110.76663082942775 110.98242177588875 111.20051335701035 111.41967438990929 111.63958943074685 111.86135780731342 112.08654276257288 112.31521764140183 112.54035621505126 112.7849829657173 113.05618231201987 113.34403602600204 113.62554827341397 113.89997983725087 114.1692308664836 114.4292339014166 114.67101040433428 114.9247878525302 115.24398058791394 115.57690560847732 115.91288326366409 116.2520395062989 116.6309315437174 117.07174918921507 117.53389152931172 118.00305934841947 118.478232518009 118.96222524591902 119.4572240936709 119.96533979512957 120.48867780653654 121.03096622405721 121.59608245024035
105.58956352096827 107.70143672318505 108.12905552279226 108.53411696022638 108.8983320521222 109.19212298713155 109.40992889801167 109.62772742412507 109.84019028658842 110.05224837305146 110.26621675085616 110.48263452381842 110.70174839718665 110.92368608928273 111.14812971877191 111.37404016241165 111.60133154367946 111.83051293291977 112.0641743047881 112.29948315151394 112.55307149484565 112.82926469203201 113.1088320515638 113.39280023209315 113.67943136979478 113.96659099344883 114.25161544319967 114.52971068551587 114.80754865646797 115.10636006246554 115.44195778796582 115.78070745054367 116.1221210355907 116.47235190982843 116.89632146998473 117.35128491210186 117.81776054589638 118.2878407083081 118.76473432253152 119.25049246103808 119.7472272995571 120.25641053466182 120.7845538687653 121.32842823437937
105.26563357712322 107.50304796024368 107.92121784957065 108.3129632183956 108.65497076514121 108.89022428666212 109.10636269990626 109.32402021557498 109.54069963280446 109.75561816346061 109.97190843243837 110.19098987565569 110.41273390992797 110.63706757836138 110.86406431270319 111.09371602508148 111.32594293982915 111.56054231581798 111.796950932303 112.03299901095471 112.29278298112436 112.57228723891704 112.86106393349327 113.15554454566742 113.45388131044304 113.7564045097279 114.06237424313126 114.36713795198996 114.66828382095625 114.96944736325192 115.30580067878384 115.64723452963298 115.99083147527855 116.33667266271212 116.70766364899951 117.15334057801635 117.61762424652687 118.08068917838055 118.54653178604411 119.01785797135564 119.49573981658772 119.9819176352645 120.4847486284892 121.03967022252999
104.94201960676936 107.28485890380625 107.71447468300782 108.09369304319993 108.40737879294849 108.60382313140336 108.81211576471605 109.02460149270976 109.2400574526672 109.45596628916022 109.67290299060755 109.89241737035584 110.11545526027264 110.34181505860211 110.57054738534033 110.80166330660823 111.03500990050641 111.2699887339598 111.5037160580669 111.73366715590342 112.01106461683422 112.30526622216199 112.60239429276987 112.90339961811004 113.21012295490334 113.52392917569608 113.84608392388265 114.1772340447379 114.51242747408273 114.83060995978236 115.16871779197982 115.51089373248698 115.8547836514466 116.20579779488224 116.55462460198459 116.94768920816459 117.40317105272678 117.85254449613436 118.30097790929264 118.75101047323535 119.20117135557967 119.65530274744151 120.15661789561196 120.74648881517516
104.61785379812609 107.04290363491958 107.50947546616875 107.87241916614397 108.13811694975972 108.31955448848446 108.51983906688744 108.72658861406322 108.9376235371671 109.15227067609625 109.36930543779646 109.58876547199127 109.81158732490353 110.03844386167566 110.26835744199282 110.50008622080699 110.73323548304967 110.96643707438645 111.19848205542343 111.43242041196314 111.7231092634797 112.02567838187251 112.32844109641962 112.63536288312673 112.94864216277728 113.27006947760394 113.60160682137182 113.94566913614015 114.30514142689907 114.68592016170942 114.99316955335496 115.31521356003837 115.65384255566923 116.01073048055815 116.38910867351723 116.77279529979147 117.15777371658346 117.58043378660827 118.01159481016502 118.44417484906805 118.87604739758011 119.30774240635887 119.8355434020495 120.43966153427665
104.29274910075196 106.78625810096227 107.30547706531402 107.64483719576752 107.8580215001064 108.0333138353732 108.22655184781586 108.4277635701737 108.63435353198963 108.84537394210984 109.0603884034301 109.2791835763155 109.50154318501959 109.727713072027 109.95780906080734 110.18942028995431 110.42192047283848 110.65559649091061 110.89051462374945 111.12720612009795 111.42677929122726 111.73288202100521 112.04114533165465 112.35301807973437 112.67096251622526 112.99642130008515 113.32927873198595 113.67030467320839 114.01880922691443 114.35590837502423 114.68690144465589 115.02299628398015 115.36576345288066 115.71647589629637 116.07961230737392 116.4683366990158 116.86789326628045 117.28004481125014 117.70089493574642 118.1263235990988 118.5531714179284 118.9886704274598 119.534374770682 120.13013842367495
103.96705175994323 106.5197291263309 107.10019276636245 107.4090220386522 107.57473464734693 107.74421095455112 107.93096328333944 108.12685313772512 108.32910655265461 108.53659293910937 108.74875864909382 108.96531783668149 109.18615392905059 109.41132006124772 109.64153032602827 109.87487754021016 110.10943596095048 110.34494762636069 110.58124498948068 110.819320740052 111.11957360328337 111.42902186861821 111.74107053022685 112.056922336672 112.3774924331721 112.70278530175798 113.03287154953668 113.36682207530667 113.69872425761234 114.02259535170168 114.35020348593909 114.6832998799348 115.02356689194619 115.37304491110076 115.73422550828575 116.1305004516903 116.54519104147681 116.96238925733005 117.38328501704318 117.80625115865666 118.23173089246777 118.71810927787817 119.25764594969588 119.83152165913583
103.64102776460916 106.24599147943307 106.89373300712852 107.14944466101655 107.28826077384483 107.45197566432077 107.63237507229383 107.82300909802971 108.02098518159214 108.22503198326648 108.43449683652271 108.64902782849182 108.86893468657067 109.09515789015448 109.32734195685111 109.56385653946306 109.80189775351786 110.04127829576629 110.28214193310582 110.52672381963917 110.80710895839474 111.11673008820324 111.4300116136725 111.747083357514 112.06836630284678 112.3923349037557 112.71643843797847 113.04009985607036 113.36113733226122 113.68296070426912 114.00937881004005 114.3402603476397 114.67388551483471 115.01675668397483 115.38585789476194 115.78964473652584 116.21128930237481 116.6340712124322 117.05674501746556 117.48047650482278 117.9305384491068 118.43575531177879 118.9734423801587 119.53662890903229
103.31483707164703 105.96652672188172 106.6840936628118 106.86415934536151 106.99907282274586 107.15657571447092 107.33038413433104 107.51559717995875 107.70923911970628 107.90989665223935 108.11681743740678 108.33020131641761 108.55146664645844 108.77985580054523 109.01487586123089 109.25498035653679 109.49700395547737 109.74087542163586 109.98713129067549 110.24076062811895 110.50947720251027 110.80084313593113 111.11121773822762 111.42686324616048 111.74658381817093 112.06445025431815 112.38046340855162 112.69640195773935 113.01411203256268 113.33477524203374 113.65999579199521 113.99047356633686 114.32504248465119 114.66128778926506 115.03552730053075 115.45336899913234 115.87856534768558 116.30335772719114 116.7279223117513 117.1569524294373 117.6303454527751 118.14157130233242 118.67820124892263 119.23573250249676
102.98855691126809 105.67752627082312 106.45368023623983 106.5788824414453 106.70834340378265 106.85833559245289 107.02487784064223 107.20412847787952 107.39318331008873 107.59041962864252 107.79514107348072 108.0095087779233 108.23300636296396 108.46448798271807 108.70336902054206 108.94755387090804 109.19393993589134 109.44273358350758 109.69530796775332 109.95659934265555 110.21979897827453 110.49478726231688 110.7884560787554 111.09853872670911 111.41168052926763 111.72133843030323 112.03105569548458 112.34315012527615 112.65855365129909 112.97785866361478 113.30193792829976 113.63215723978898 113.96795836343829 114.30799780395844 114.69286084105454 115.12104157324687 115.54810584447443 115.97424532956263 116.40085656810831 116.84038427485302 117.32375273148627 117.83736402436664 118.37302826231108 118.92691449234903
102.66214309557367 105.36182757564461 106.1692622522649 106.29360553752905 106.4185635345537 106.55862662451298 106.71636507359095 106.88837678687057 107.072166356443 107.26580241765743 107.46964874684208 107.68605594303669 107.91294199299188 108.1488448919162 108.39295690225956 108.64160966525193 108.89211608438197 109.14612021618417 109.4064874885512 109.67335507091106 109.93689671302805 110.19955886794985 110.47336798819448 110.76862949099316 111.06805641131493 111.36930357085824 111.67313510953917 111.98103331826422 112.29340224397426 112.6105362696841 112.93532219174968 113.27122867402953 113.61568955643207 113.96956027996949 114.36731922031092 114.7919570913588 115.21946223496076 115.64637995923773 116.07487331329907 116.52268889068205 117.01022547720956 117.52457027938692 118.059225449605 118.61017934184113
102.33522608124483 105.0162981713709 105.87111848336245 106.00037540143333 106.12808123745614 106.25932844889924 106.40653859096679 106.56901078084975 106.74586144165005 106.93522356221311 107.13936523487243 107.35923688244989 107.59140794345885 107.832205080798 108.07635436603337 108.32238779478325 108.57215089076426 108.82809012724168 109.09320542384334 109.36548930114957 109.64262935019119 109.91737574900588 110.17387895831156 110.43564579597766 110.71735080004964 111.00830865791207 111.30519123571015 111.60803386899381 111.91672510552955 112.24036821082457 112.57901075002664 112.92828632963798 113.28640699175808 113.65636422812194 114.05545743913697 114.47196411667085 114.8938240539979 115.31966221548282 115.74948690088996 116.20149338805146 116.69020780617076 117.20429149541333 117.73753633520096 118.28607665558518
102.00567377697006 104.64393099640343 105.55175261703847 105.69134860215725 105.82577092530785 105.95849487895373 106.09605280984216 106.24803496751073 106.41495897836644 106.59845322616765 106.80371933173915 107.02968703810117 107.26338503627797 107.49930095047725 107.7380592654532 107.98012014024539 108.227111184701 108.4810579861558 108.74284507153386 109.01263926889808 109.29131525694366 109.58047817243337 109.88257532387256 110.08866792704039 110.35456977589821 110.63279069658167 110.92220222188479 111.2205397790921 111.53936874335135 111.87795696272431 112.22617704568388 112.58341931544145 112.95110406581897 113.33352776537508 113.73822849928169 114.1548994737588 114.57364120497932 114.99510908302814 115.42440445314116 115.87649598845603 116.36429819393695 116.87709215504113 117.4086222720297 117.95519992192358
101.67316062614785 104.2723653939078 105.22948942667358 105.37222477462771 105.51331814438305 105.65170667588693 105.78893392926688 105.92893064286945 106.08235539681182 106.25547389687179 106.46366205759789 106.68991759868771 106.91626168436038 107.14574076884631 107.37855638011331 107.61591200524238 107.8589615039536 108.10856734193884 108.36545404527767 108.63051906045179 108.9047564936512 109.18913168704955 109.4829707103508 109.74557838219113 109.96640214375863 110.23506490578494 110.52153819909392 110.82813108287469 111.16258339125511 111.50641260709257 111.85944557236415 112.22267611075777 112.59806657299963 112.9900570528934 113.40112644596712 113.82251260856411 114.24876404369836 114.67336959243626 115.09960029685244 115.54794717098207 116.03270615281605 116.54332480371741 117.07311918068781 117.61810174869542
101.34067482365147 103.90210657794634 104.90722623630869 105.04996158426282 105.19269693221693 105.33535641609596 105.47709638048543 105.61841652652018 105.75967504662185 105.90813966812496 106.11312796030774 106.32794898149747 106.5460625951357 106.7689452243141 106.99675277338106 107.23003123136667 107.46938225566534 107.71523190142663 107.96804660509123 108.22830344914152 108.49634680845828 108.77177888422946 109.04997587282843 109.30648948442288 109.55790069418542 109.82003125525733 110.10653743567121 110.43261993635156 110.77192239479936 111.11969005271689 111.47700061121283 111.84527331986084 112.22736856984687 112.62716740877026 113.0432634992833 113.47094455592567 113.9063022079653 114.34375649613457 114.77532684351176 115.21657192111354 115.69603408850384 116.20360585848543 116.73155559982061 117.27526948642269
101.0083204208831 103.53321796013478 104.58496304594378 104.72769839389791 104.87043374185203 105.01316908980614 105.15590443776027 105.2986397857144 105.4384819409635 105.5687383781201 105.73885735770767 105.94053159890076 106.15007851567015 106.36691484636577 106.59229367571895 106.82428935704654 107.06178061818409 107.30508838173623 107.55448385292001 107.81010336328882 108.07166410725021 108.3374885426095 108.60016532468723 108.85395416636413 109.11659604348762 109.39231131292908 109.68421429927385 110.02160245669747 110.36523995323115 110.71680715850319 111.07830930661264 111.45180605332874 111.83996487084246 112.24432893049394 112.66345554057705 113.09795897248003 113.54412581274411 113.99693186427038 114.44684556347651 114.88452001346029 115.35536643567471 115.85853924413473 116.38436713877718 116.92711854516442
