hw/01/nni.asc
NCOLS 251
NROWS 251
XLLCORNER 2
YLLCORNER 3
CELLSIZE 1
NODATA_VALUE -99999
[rows 38 to 56 of 251, columns 88 to 131 of 251]
97.58429052097829 98.15202742430272 98.70771373931025 99.24964209407409 99.77531786594881 100.28104952018177 100.7613297346146 101.21595668614339 101.62382836350781 101.97811350498411 102.31713397282434 102.63387311924444 102.9305086418835 103.21232331621825 103.48071123136712 103.7370755860588 103.98541601897436 104.22838227669082 104.46774301954372 104.7044765974324 104.93769713432401 105.1630589623502 105.3840898470418 105.38599859932415 105.34836275081965 105.32305057018338 105.30246574350842 105.24935486555724 105.04868449344112 104.77412873544897 104.49644760885857 104.21902978354247 103.94254179789371 103.67058658826532 103.40664515800178 103.14470994683215 102.83019756788123 102.45880776922972 102.04229910945641 101.56450561264599 101.02060813550558 100.43873285625709 99.83257490662322 99.209148633198
98.43552297959152 98.98556272329283 99.52337834072854 100.04733061773948 100.55510169958298 101.0434206769021 101.50752124973783 101.94333542856644 102.34453789021774 102.69306768575282 103.02325624509835 103.33095300279268 103.6175817028811 103.8833929035428 104.1333686008953 104.37450815756068 104.6102531228777 104.84257234049495 105.07324650043893 105.30422687486634 105.53977366745427 105.789904989245 106.00045728045173 105.94979967637937 105.90496013409313 105.8650489839788 105.82831050076896 105.74195918047198 105.47636049481251 105.19039336269529 104.90147132077502 104.61092027917452 104.32102034035687 104.03450019454098 103.752903025756 103.4664934590305 103.13429646637472 102.7577823265356 102.33003766579789 101.82748266782646 101.27296820521423 100.6861960636159 100.07749519561962 99.45243842570284
99.2941434775151 99.8269093906622 100.34747037211902 100.85423350407166 101.34500730994941 101.81680929770624 102.26551952625043 102.68515708292722 103.07282178822017 103.41783334300244 103.74186619969599 104.03891546291042 104.30303871176413 104.54439427169952 104.77615848680233 105.00176062645265 105.22294097001534 105.44097306304481 105.65699037830052 105.8736356841049 106.09786428994 106.33308933933844 106.5036341366112 106.49062237089834 106.44530819328122 106.40224862862992 106.33284950135328 106.14096572588221 105.88242924320592 105.59357762701724 105.29890965291244 105.00074806558958 104.70018877324576 104.39896779613618 104.09975158186982 103.78896538797223 103.44310711884063 103.05819661013132 102.62097121013099 102.10193666689918 101.53736966411265 100.9443967060324 100.33136162231976 99.70286235147486
100.1596538720706 100.67534096603785 101.1788891387332 101.66774272961837 102.14029114597943 102.5945953607374 103.02766969726275 103.43495077567492 103.80924058597591 104.14885158044315 104.47231657354192 104.74702025792857 104.97718928367905 105.19664381925126 105.40996513186968 105.61843576336766 105.82273169528925 106.02326505644425 106.22187935974098 106.42211553993474 106.62273451809234 106.80872235280918 106.96519404726547 107.0213409284214 106.9774237467972 106.92139929364468 106.78305282762412 106.55685371905474 106.29085364215737 105.99808313914647 105.69740725502652 105.39152625208912 105.08082723482934 104.76581512556163 104.44990342293379 104.1231682716934 103.76147131974597 103.36498918045858 102.91628940114849 102.38550342637068 101.81095381030174 101.21092201026106 100.59238165284398 99.94768159264726
101.03126334305276 101.52909379935029 102.01276957014056 102.4816520482139 102.93470626467345 103.37023938958892 103.78569398092131 104.17718862359284 104.53950864212577 104.87414515362018 105.21042964726762 105.43033381227494 105.63390040062501 105.83327886761599 106.02815834926392 106.21834391748054 106.40433959002387 106.58804682039474 106.76946666819603 106.94647443001811 107.11464621771388 107.28117472632789 107.43504150915477 107.53401981881682 107.50177720320178 107.4179695688856 107.23475808476502 106.98758247321426 106.71020465211136 106.41029239804772 106.10186515600735 105.78727146811954 105.46661535622712 105.14028726566119 104.81020600276375 104.46981597224314 104.09326996137793 103.68159134633387 103.21898336811404 102.67596936618409 102.09136720119254 101.48365941148995 100.85610942915959 100.17532745295065
101.90717415218329 102.38407935004784 102.84687053563441 103.29509517314051 103.72780321799546 104.14339564652057 104.53930108244622 104.91171309324909 105.25522245235048 105.57757730726135 105.87020797852978 106.06390101168968 106.25473385885459 106.44183420140304 106.62322811248586 106.79934156368445 106.97053666608514 107.13679187675932 107.29759909507479 107.45383499344979 107.60754359705525 107.76156044938719 107.91412408304359 108.03874834885497 108.02180030323328 107.9083611411258 107.69726611338712 107.43153559429511 107.1403167566377 106.83176980961312 106.5155306127522 106.19220441164246 105.86173236370283 105.5241412551975 105.18035817271169 104.8302920048511 104.44028684658342 104.01230388117355 103.52973963764455 102.97122639446945 102.37651532506878 101.7606541416956 101.10567322378782 100.38809455385281
102.78439112188809 103.23955729036052 103.68074384909546 104.10752879581098 104.51893616715115 104.91323892064078 105.2875438238809 105.6378435617 105.95887942076261 106.26501363147088 106.51814503171957 106.70127871569464 106.87767089942346 107.04677616094928 107.21251228387916 107.37343976158503 107.52917109473961 107.6797898521042 107.82572293424049 107.96780390421384 108.1075282084295 108.24769336160811 108.39399314241399 108.53918163690446 108.54019757150935 108.4028926633574 108.17023026915909 107.88655404867313 107.58037009794583 107.26372395131202 106.93926593989424 106.60708956591485 106.26684619409735 105.91810212011067 105.56093351707547 105.19992206172881 104.80663325803042 104.36216689661448 103.84764762899083 103.2689888604909 102.66434259657923 102.0398287511748 101.33975049556845 100.58671241310734
103.66217255162589 104.09479965702829 104.51353083271586 104.91789344661028 105.30673022003937 105.67788522491747 106.02839104699355 106.35327319207477 106.6544303305939 106.94096106041029 107.16526861628037 107.34203863036232 107.50909517083389 107.66236576624716 107.81103920287623 107.95575974175165 108.09578036614522 108.2309790842971 108.36164831713003 108.48851924900221 108.61299757259137 108.73780099680748 108.86871337302098 109.02041080792394 109.05355822933403 108.90123313573885 108.65040830966512 108.35147792720777 108.03362793298547 107.70776623080938 107.37439880763904 107.03314230336154 106.68323171961582 106.32371067781877 105.954039333189 105.57721535713281 105.19255594987241 104.73851203951877 104.16728887427593 103.56598622696288 102.95255939993562 102.31004952226024 101.55806071058916 100.7702786963121
104.53938662805565 104.94850750929726 105.3436954674402 105.72419368909623 106.08849714132128 106.43442917559874 106.75832190611497 107.05622570356944 107.3422071138728 107.60558291618204 107.81299184211238 107.98606906533658 108.14589424240027 108.28691122558877 108.41849562585077 108.54674974010203 108.67062306991322 108.78979501552087 108.90439994784316 109.01501245497337 109.12285075048308 109.23038059498793 109.3430518715563 109.47036669366857 109.51583171217865 109.39936458704598 109.14133482026467 108.8317178896945 108.5029000382056 108.16582322568834 107.82258006686695 107.4719838212314 107.11229221072495 106.73831631922444 106.35335267419731 105.96260887579916 105.56753040792404 105.14621061495383 104.49213256424908 103.85955979853368 103.23800995537925 102.56372193904531 101.75712493196473 100.93495443731443
105.41408245963669 105.79837586134505 106.16821452816524 106.52275683565693 106.86037422856677 107.17827511289762 107.47210082004757 107.75221910349207 108.02067410913273 108.26075412994912 108.46180372468521 108.63486747340147 108.78938537195376 108.91947959120225 109.0341504718196 109.14585594073458 109.253041020755 109.3550729775487 109.4528442828734 109.54657920220313 109.63645094611245 109.7241993816477 109.81427666395419 109.90658516943847 109.92096828710807 109.89089718706221 109.65556370554371 109.32782378115506 108.98829790001416 108.64002041267457 108.28566401907142 107.92440753553072 107.54395144361627 107.14784391505782 106.74341451694553 106.33276127045158 105.9046645204235 105.3715377328754 104.75762936120512 104.13585934287309 103.51088576855643 102.7861236755591 101.92190330394533 101.06714461219252
106.28196467466765 106.63966445498066 106.98218902724055 107.30846927959759 107.6163584597104 107.90251343405173 108.17590156145612 108.4399823533344 108.68649128004056 108.90465331313862 109.11094502825085 109.29040542396707 109.44198920694076 109.559932851328 109.65753324948342 109.74824276273854 109.83478252914897 109.91886348306572 110.00046849272319 110.0787631971101 110.15237427641154 110.21945926425022 110.28001495450927 110.33234622927854 110.32320483899905 110.3114897850747 110.19474422039518 109.83619086538033 109.48229986491263 109.12569812827638 108.7638050822221 108.38291527625007 107.97557607974149 107.55524176373532 107.125658024785 106.6777861870275 106.17700590329393 105.58881872831456 104.97927059114241 104.35630873685437 103.6780265180135 102.87159028532943 102.01949287504198 101.162919926912
107.13630488324011 107.4658095954814 107.77851761183393 108.07313057499434 108.34897149951509 108.61506281466805 108.87186480312535 109.11562888506079 109.33742031696066 109.53983952641956 109.75620395311766 109.95221268430946 110.1079967014986 110.20744031364885 110.27752444664713 110.34433338530239 110.4114335695957 110.478896893659 110.54562159218875 110.60988647593713 110.66925695636476 110.71977409159624 110.75233441366395 110.72921714973855 110.64628220949379 110.54529379188487 110.42929008256496 110.25522635919376 109.96320303956584 109.60880070374127 109.24293186976236 108.83886424239489 108.40331652556439 107.95064635004658 107.48102681543975 106.97532389626502 106.40836309642111 105.80998334046771 105.19496793364837 104.51749451741196 103.75254829252756 102.92349463154383 102.07062380716634 101.22100127967909
107.96634174735547 108.2657404574074 108.54614857225047 108.81434750273405 109.07228484158229 109.31984610917458 109.55524890315382 109.77328378811276 109.9671079089264 110.1666761928779 110.38414411131582 110.6201853222267 110.79037065611479 110.84681050404656 110.88752471074035 110.93251014408045 110.98209619902316 111.03460662481982 111.08796678085741 111.13980116421959 111.18715973943902 111.22200183300403 111.21525606885007 111.16362933657753 111.0417561297422 110.89551429863882 110.73504636869374 110.56238012584022 110.35775562084646 110.08457677394408 109.72859144959592 109.29267332239695 108.81415238670115 108.3143442007636 107.78969386617865 107.22399841800423 106.63348248988036 106.03273954745585 105.3778037918119 104.633485334354 103.82867931498566 102.98373803347349 102.12264836939333 101.2677775924388
108.76174400399204 109.04112789991632 109.3033404225842 109.5515941114428 109.7873536244261 110.01052301287615 110.217041645208 110.40011335686032 110.58565920609792 110.77997916678122 110.99291189552248 111.26008889174429 111.44325955856806 111.44528156850959 111.46775353343439 111.50145754874697 111.54142819598557 111.58416037788672 111.62660468596418 111.66738321431173 111.70182583916139 111.70357350293197 111.66890703766231 111.59330105194903 111.45374030135092 111.2685484875055 111.07365772222946 110.87317952739457 110.6719567128712 110.47499878736052 110.22965394957359 109.73129980600528 109.18022631009323 108.61521668279879 108.03532901253843 107.45173015785038 106.86156379423079 106.23970605796791 105.53030091540859 104.73961956879614 103.90847938791073 103.05061578873507 102.17825713747436 101.31650108211637
109.55916931916215 109.82028411495422 110.05802574505731 110.27762315535315 110.4800740542467 110.66202549594169 110.8333394214864 111.00837352064308 111.18748089640013 111.3704451522233 111.56236356661736 111.77948186191567 111.9038992945496 111.96215355280427 111.99935129825529 112.03614399303216 112.07520108561353 112.11552470310596 112.15415619970484 112.18859824849677 112.20220641967884 112.1799062207615 112.12095647662147 112.0125592854285 111.84711869428571 111.63051185661443 111.40489811609362 111.17535212089047 110.94568431131117 110.7207133475121 110.48275274988485 110.02045674919053 109.43609079049347 108.85208783576002 108.26709856839778 107.68127711164574 107.09241447980418 106.43183975313637 105.66661457340699 104.8404352493784 103.9892423042654 103.11904240893612 102.23768353118345 101.36669243647997
110.37185860685584 110.58274810238476 110.7793321603731 110.9406366532642 111.10025627389531 111.26219872989401 111.42738562866663 111.59552197231388 111.76537882177557 111.93511272518957 112.09599590688313 112.2520971269612 112.36678739207707 112.4394245885905 112.49524752659954 112.54299435460467 112.58622553827513 112.62663638336292 112.6650879844745 112.69770320589639 112.69711843789442 112.65634933967596 112.56579325357751 112.42565516885284 112.23285053818923 111.99033700301409 111.73802953411534 111.48118462215706 111.22159292763035 110.95962667651742 110.66294399791771 110.26081612170096 109.69362463475649 109.10175591620198 108.5101782311225 107.9176698850624 107.32574516738185 106.60647358538716 105.78500182249215 104.93452641131255 104.06627444129214 103.18601485488446 102.30151389048488 101.41934061345444
111.09035650295868 111.2427651608736 111.3924440858203 111.54393544816519 111.69595768337915 111.85022377038062 112.00739662377266 112.16847704510391 112.33167672439868 112.48870922540837 112.63294263161418 112.76294451864722 112.86182792500584 112.93414712286858 112.9925064787174 113.04295051462864 113.08852327255238 113.13088182715491 113.1709634199311 113.20202930659921 113.19541860589446 113.13041689193103 113.00942257599552 112.8390923455619 112.61738736077666 112.35026959630727 112.07455239096213 111.79316216382969 111.50637203173278 111.20976808579078 110.87778420762042 110.47959622290358 109.96226174823303 109.36677912554781 108.76296721202156 108.15203289006665 107.5272971347301 106.72688260909065 105.88398259879858 105.01781200431444 104.13858699118612 103.25321173507666 102.36520958289441 101.47664926414791
111.72338041795834 111.86712127407851 112.0098734642504 112.15315055681153 112.29557400285707 112.43796160566909 112.58383388961859 112.73398120277984 112.890080725781 113.03406225898469 113.16686990386857 113.28280645681089 113.3733585129351 113.44143176992003 113.49883048854942 113.54941498394957 113.59548334212828 113.63843740543263 113.67915620015559 113.70886873029075 113.69585247017913 113.60688893828389 113.45579338799017 113.25425358874735 113.00068668320756 112.71119028880777 112.41490919532983 112.11161892712094 111.80048189975876 111.47661725043145 111.12010197370584 110.70999473539032 110.21819525977067 109.62915327105897 108.99687588103535 108.34038537581294 107.63463002970992 106.81959967377945 105.97511636337379 105.09943712404574 104.21181656862343 103.31991146020587 102.42688443227466 101.53460525197556
112.35251291584399 112.49446762594886 112.63198517339629 112.76713438433428 112.90148881083657 113.03444122006488 113.16901595730359 113.30841769265656 113.45095610164634 113.58138196295393 113.70425032172479 113.80990651601513 113.89398948873149 113.95714965567156 114.01199835304061 114.061261047886 114.10659204560758 114.14911641084969 114.1896265029449 114.22087342990488 114.20163080066182 114.08862213364338 113.90561987208298 113.66928998408461 113.38110174866267 113.07396610732981 112.75811764067168 112.43302754975322 112.09862310733193 111.75288386239046 111.38001840386262 110.95747327289678 110.47229800745143 109.8839198461291 109.21673996179788 108.5089314325556 107.73796755209271 106.91418847832074 106.07375087919444 105.18371415919484 104.28372978688706 103.38110899003952 102.48073583071772 101.58372880855251
